268
269
270
271
272
273
274
275
276
277
278
279
282
283
284
1410
1411
1412
1413
1414
1415
1416
1417
1418
1419
1420
1421
1422
1423
1424
1425
1426
1427
1428
1429
1430
1431
1432
1433
1434
1435
1436
1437
1438
1439
1440
1441
1442
1443
1444
1445
1446
1447
1448
1449
1450
1451
1452
1453
1454
1455
1456
1457
1458
1459
1460
1461
1462
1463
1464
1465
1466
1467
1468
1469
1470
1471
1472
1473
1474
1475
1476
1477
1478
1479
1480
1481
1482
1483
1484
1485
1486
1487
1488
1489
1490
1491
1492
1493
1494
1495
1496
1497
1498
1499
1500
1501
1502
1503
1504
1505
1506
1507
1508
1509
1510
1511
1512
1513
1514
1515
1516
1517
1518
1519
1520
1521
1522
1523
1524
1525
1526
1527
1528
1529
1529
1530
1530
1531
1531
1533
1533
1534
1535
1535
1536
1537
1538
1539
1540
1541
1542
1543
1543
1544
1545
1545
1546
1547
1547
1548
1549
1549
1550
1550
1551
1551
1552
1552
1553
1553
1554
1555
1556
1557
1558
1559
1560
1561
1562
1563
1564
1564
1565
1566
1567
1568
1568
1569
1570
1570
1571
1572
1572
1573
1573
1574
1575
1575
1576
1576
1577
1577
1578
1578
1579
1579
1580
1580
1588
2342
2349
2402
3166
3167
3168
3169
3170
3171
3172
3173
3174
3175
3176
3177
3178
3179
3180
3181
3182
3183
3184
3185
3186
3187
3188
3189
3190
3191
3192
3193
3194
3195
3196
3197
3198
3199
3200
3201
3202
3203
3204
3205
3206
3207
3208
3209
3210
3211
3212
3213
3214
3215
3216
3217
3218
3219
3220
3221
3222
3223
3224
3225
3226
3227
3228
3229
3230
3231
3232
3233
3234
3235
3236
3237
3238
3239
3240
3241
3280
3281
3282
3286
3287
3288
3289
3290
3302
3305
3309
3320
3323
3325
3342
3344
3345
3346
3347
3348
3349
3350
3351
3353
3359
3360
3361
3362
3363
3364
3365
3366
3367
3368
3369
3370
3371
3372
3373
3821
4155
4155
4156
4156
4157
4157
4158
4158
4159
4159
4160
4160
4161
4161
4162
4162
4163
4163
4164
4164
4195
4196
4228
4591
4593
4594
4595
4596
4597
4598
4599
4600
4601
4602
4603
4604
4605
4606
4612
4614
4615
4616
4617
4680
4681
4682
4684
4685
4686
4687
4688
4689
4690
4691
4692
4695
4696
4697
4698
4785
4786
4787
4808
4809
4810
4844
4845
4853
4864
4914
4915
4916
4917
4918
4919
4920
4921
4922
4923
4924
4925
4926
4927
4928
4929
4930
4931
4932
4933
4934
4935
4936
4937
4938
4939
4940
4941
4942
4944
4945
4946
4949
4951
4953
4960
4960
4962
4964
4965
4966
4967
4968
4969
4970
4971
4972
4973
4974
4975
4976
4977
4978
4979
4980
4981
4982
4983
5097
5102
5103
5105
5107
5109
5111
5121
5158
5159
5160
5162
5168
5169
5171
5183
5184
5185
5186
5187
5189
5190
5191
5192
5193
5194
5198
5199
5201
5202
5204
5205
5214
5216
5217
5243
5244
5245
5246
5247
5256
5259
5261
5263
5264
5265
5279
5280
5293
5299
5300
5303
5307
5310
5312
5316
5323
5334
5335
5336
5339
5341
5346
5353
5354
5356
5361
5362
5364
5365
5441
5570
5571
5572
5573
5574
5575
5576
5577
5578
5579
5580
5581
5582
5583
5584
5585
5586
5587
5873
5875
5880
6150
6320
6321
6479
6606
6607
6820
6821
6822
6823
6824
6825
6826
6827
6828
6829
6857
6862
6868
6873
6874
6879
6882
6883
6884
6885
6886
6888
6890
6892
6894
6895
6896
6897
6898
6899
6900
6901
6902
6903
6904
6905
6906
6907
6908
6909
6910
6911
6912
6917
6921
6923
6924
6927
6929
6931
6933
6939
6941
6943
6944
6945
7022
7208
7209
7210
7234
7235
7236
7237
7238
7431
7921
8025
8026
8026
8027
8028
8029
8030
8031
8032
8033
8034
8035
8036
8037
8038
8039
8040
8041
8042
8043
8044
8045
8046
8047
8048
8049
8050
8051
8052
8053
8054
8055
8056
8057
8058
8072
8073
8074
8076
8117
8128
8131
8149
8150
8151
8152
8160
8166
8167
8168
8169
8170
8171
8172
8174
8176
8188
8190
8192
8211
8213
8215
8217
8220
8221
8222
8223
8224
8225
8231
8247
8250
8733
8813
10215
10367
10562
10563
10564
10565
10566
10567
10568
10569
10570
10571
10572
10573
10574
10575
10576
10577
10578
10579
10580
10581
10582
10583
10584
10585
10586
10587
10588
10589
10590
10637
10638
10639
10640
10641
10642
10643
10644
10645
10646
10647
10648
10649
10650
10651
10652
10653
10654
10655
10656
10657
10658
10659
10660
11623
11825
11826
11827
11828
11829
11830
11831
11832
11965
11966
11967
11968
11969
11970
11971
11972
11973
11974
11975
11976
11977
11978
11979
11980
11981
11982
11983
12100
12627
12628
12629
12630
12631
12632
12633
12634
12635
12636
12637
12638
12639
12640
12641
12642
12643
12644
12645
12646
12647
12648
12649
12650
12651
12652
12653
12654
12655
12656
12657
12658
12659
12660
12661
12662
12663
12664
12665
12666
12667
12668
12669
12670
12671
12672
12673
12674
12675
12676
12677
12678
12679
12680
12681
12682
12683
12684
12685
12686
12687
12688
12689
12690
12691
12692
12693
12694
12695
12696
12697
12698
12699
12700
12701
12702
12703
12704
12705
12706
12707
12708
12709
12710
12711
12712
12713
12714
12714
12715
12741
12743
12746
12749
12750
12751
12752
12759
12760
12761
12762
12763
12764
12765
12767
12770
12773
12776
12777
12778
12789
12791
12793
12795
12797
12799
12801
12803
12808
12815
12816
12817
12818
12819
12820
12821
12844
12846
12848
12849
12850
12851
12852
12853
12854
12857
12863
12864
12865
12866
12867
12868
12869
12870
12871
12872
12873
12874
12875
12876
12877
12878
12879
12960
13566
13567
13648
13661
13868
13869
13870
13871
13873
13877
13878
13879
13880
13881
13882
13883
13884
13885
13886
13887
13888
13890
13894
13896
13897
13900
13901
13902
14388
14429
14443
14526
14567
14616
14618
15648
15653
15968
15970
15975
15980
15981
15982
15983
15984
15985
15986
15988
15990
15991
15998
15999
16000
16001
16003
16007
16009
16011
16076
16078
16080
16082
16084
16086
16088
16090
16091
16092
16093
16094
16095
16096
16097
16098
16103
16114
16115
16120
16121
16122
16131
16132
16133
16134
16143
16144
16145
16146
16147
16148
16149
16150
16151
16272
16273
16274
16275
16278
17052
18953
18954
18955
18956
18957
18958
18960
18962
18964
18965
18966
18991
18992
18993
18994
18995
18996
18997
18998
18999
19000
19001
19002
19003
19004
19005
19006
19007
19008
19009
19010
19011
19012
19013
19014
19015
19016
19017
19018
19019
19020
19021
19022
19023
19024
19025
19026
19027
19028
19028
19029
19029
19030
19030
19031
19032
19032
19033
19034
19034
19035
19036
19036
19037
19038
19038
19039
19039
19040
19041
19042
19043
19044
19045
19046
19046
19049
19050
19051
19052
19053
19054
19055
19056
19058
19060
19061
19063
19078
19079
19080
19081
19082
19083
19137
19139
19141
19143
19145
19147
19149
19164
19166
19168
19221
19223
19224
19226
19227
19229
19231
19232
19233
19234
19235
19236
19237
19238
19239
19240
19241
19242
19243
19244
19245
19246
19247
19248
19249
19250
19251
19252
19253
19254
19255
19256
19257
19258
19259
19260
19261
19262
19263
19264
19265
19266
19267
19268
19269
19270
19271
19272
19273
19274
19275
19276
19277
19278
19279
19280
19281
19281
19282
19282
19283
19283
19284
19284
19303
19304
19305
19307
19309
19311
19321
19343
19345
19347
19349
19351
19365
19366
19367
19369
19371
19373
19375
19377
19378
19379
19380
19381
19382
19383
19384
19386
19388
19390
19392
19394
19395
19396
19397
19398
19399
19400
19401
19402
19403
19404
19405
19497
21687
21693
21694
21695
21696
21697
21699
21701
21713
21768
22317
22325
22451
22452
22453
22713
23098
23099
23100
23101
23102
23103
23104
23105
23106
23107
23108
23109
23110
23111
23112
23113
23114
23115
23116
23117
23124
23125
23126
23127
23128
23129
23130
23131
23137
23138
23139
23140
23141
23142
23143
23144
23145
23146
23147
23148
23149
23150
23151
23152
23153
23154
23155
23156
23157
23158
23159
23160
23161
23162
23163
23164
23165
23166
23167
23168
23169
23170
23171
23183
23195
23199
23200
23203
23204
23207
23209
23211
23213
23217
23223
23224
23225
23226
23227
23228
23229
23230
23231
23232
23233
23234
23235
23260
23261
23262
23263
23265
23267
23269
23283
23284
23285
23286
23287
23289
23293
23294
23296
23297
23300
23302
23304
23305
23307
23308
23331
23332
23336
23337
23338
23339
23340
23341
23342
23343
23344
23345
23346
23358
23360
23362
23364
23390
23392
23394
23396
23398
23411
24187
24228
24229
24230
24231
24232
24233
24234
24235
24236
24237
24238
24239
24240
24243
24246
24248
24250
24270
24271
24278
24279
24280
24281
24282
24284
24285
24287
24288
24290
24291
24294
24299
24300
24301
24302
24303
24304
24305
24306
24310
24311
24312
24313
24318
24319
24320
24326
24330
24333
24337
24340
24342
24343
24344
24345
24347
24348
24350
24351
24352
24354
24355
24356
24357
24358
24359
24360
24363
24365
24366
24367
24368
24369
24370
24371
24372
24374
24375
24381
24383
24384
24385
24386
24387
24388
24389
24390
24397
24398
24398
24399
24399
24400
24400
24401
24401
24402
24402
24403
24403
24404
24404
24405
24405
24406
24406
24407
24407
24746
24746
25181
25561
25570
25585
25609
25610
25611
25612
25613
25632
25633
25634
25635
25636
25637
25638
25639
25640
25641
25642
25643
25644
25671
25673
25674
25677
25693
25694
25695
25696
25700
25706
25707
25708
25709
25711
25720
25730
26342
26344
26351
26353
26374
26375
26377
26379
26380
26381
26382
26384
26386
26389
26390
26391
26392
26393
26394
26395
26396
26397
26397
26398
26399
26400
26401
26402
26403
26404
26405
26406
26407
26408
26409
26410
26411
26412
26413
26414
26415
26416
26419
26420
26421
26422
26423
26424
26425
26426
26427
26428
26429
26430
26431
26432
26433
26434
26435
26436
26437
26479
26480
26481
26487
26491
26492
26493
26494
26495
26503
26505
26506
26507
26508
26509
26510
26511
26512
26524
26525
26526
26527
26528
26529
26530
26531
26534
26538
26539
26540
26541
26542
26543
26544
26545
26546
26547
26548
26549
26550
26551
26552
26894
27011
27076
27078
27079
27080
27081
27082
27083
27084
27085
27086
27087
27088
27089
27090
27091
27092
27093
27094
27095
27097
27125
27217
27218
27219
27220
27221
27222
27227
27228
27230
27232
27338
27426
28472
28545
28599
29305
29306
29324
29609
29611
29613
29614
29615
29616
29617
29618
29619
29620
29621
29642
29645
29646
29647
29648
29649
29664
29665
29666
29668
29669
29670
29671
29672
29674
29675
29677
29678
29681
29683
29702
29708
29756
29758
29760
29763
29793
29809
30227
30228
30229
30305
30499
30499
30505
30506
30515
30636
30637
30638
30639
30642
30645
30648
30649
30792
30793
30794
30795
30796
30797
30798
30799
30800
30801
30867
30868
30880
30881
30882
30883
30884
30885
30886
30887
30888
30889
30890
30891
30892
30893
30894
30895
30896
30897
30915
30917
30919
30921
30923
31007
31008
31192
31193
31363
32551
32552
32553
32554
32555
33073
33075
33078
33083
33085
33086
33104
33106
33116
33129
33133
33711
33935
33936
33940
33944
33948
33957
33976
33977
33978
33996
33997
34506
34507
34508
34509
34709
34710
34711
34712
34713
34714
34715
34716
34717
34718
34719
34720
34721
34722
34723
34724
34725
34726
34727
34728
34729
34730
34731
34732
34733
34734
34735
34736
34739
34740
34741
34742
34743
34746
34759
34787
36221
36366
36367
36379
36380
36412
36436
36437
36438
36439
36440
36441
36442
36443
36444
36445
36446
36447
36448
36449
36450
36451
36452
36453
36454
36455
36456
36457
36458
36459
36460
36461
36462
36463
36464
36465
36466
36467
36468
36469
36470
36471
36472
36473
36474
36475
36476
36477
36478
36479
36480
36481
36498
36695
36710
36725
36739
36754
36755
36770
36771
36772
36773
36774
36779
36781
36783
36784
36785
36786
36787
36789
36790
36791
36792
36800
36802
36803
36804
36805
36806
36807
36817
36818
36819
36820
36821
36822
36823
36824
36825
36826
36827
36828
36829
36830
36831
36832
36833
36843
36848
36949
36950
36953
36986
36987
36988
36989
36990
36991
36992
36993
36994
36995
36996
36997
36998
36999
37000
37001
37002
37007
37009
37010
37013
37015
37017
37018
37024
37026
37027
37028
37029
37034
37043
37044
37045
37046
37047
37048
37049
37050
37051
37052
37053
37054
37055
37056
37057
37058
37059
37060
37061
37062
37063
37064
37066
37068
37069
37071
37072
37074
37076
37078
37080
37081
37082
37083
37084
37085
37088
37089
37090
37091
37092
37093
37094
37095
37143
37145
37147
37148
37149
37150
37151
37152
37159
37171
37175
37176
37177
37178
37179
37180
37181
37330
37343
37344
37345
37347
37349
37409
37411
37412
37415
37419
37420
37421
37422
37425
37426
37427
37428
37429
37431
37432
37433
37434
37435
37438
37439
37451
37456
37459
37462
37473
37481
37482
37483
37485
37486
37488
37490
37493
37497
37498
37499
37500
37501
37502
37503
37504
37505
37506
37507
37508
37509
37510
37511
37512
37513
37514
37518
37519
37520
37521
37524
37565
37596
37597
37598
37599
37600
37601
37602
37603
37605
37607
37610
37611
37613
37618
37620
37622
37623
37624
37628
37629
37630
37631
37635
37636
37638
37900
37901
37902
37926
38843
39932
40331
40803
40805
40806
40821
40823
40840
40843
40873
40879
40880
40881
40882
40883
40884
40885
40886
40887
40888
40889
40890
40891
40892
40893
40894
40895
40896
40897
40900
40901
40902
40903
40916
40997
41001
41004
41006
41007
41008
41009
41022
41153
41155
41156
41157
41158
41161
41288
41318
41319
41320
41321
41322
41323
41324
41325
41326
41327
41328
41329
41330
41480
41481
41482
41483
41487
41503
41573
41576
41578
41580
41604
41606
41609
41610
41611
41612
41613
41615
41617
41619
41621
41629
41631
41633
41636
41637
41638
41650
41651
41652
41653
41654
41655
41656
41657
41658
41659
41660
41661
41662
41663
41664
41665
41666
41667
41668
41669
41670
41671
41672
41673
41674
41675
41676
41677
41678
41679
41680
41681
41682
41683
41684
41685
41686
41687
41688
41689
41690
41691
41692
41693
41694
41695
41696
41697
41698
41699
41700
41701
41702
41703
41704
42438
42600
42601
42602
42603
42604
42605
42935
42936
42937
42938
42939
42940
42941
42942
42943
42947
42948
43621
43784
44183
44185
44186
44187
44188
44189
44190
44246
44248
44287
44289
44291
44293
44295
44297
44322
44344
44351
44352
44353
44354
44355
44356
44358
44360
44362
44368
44372
44374
44384
44386
44388
44390
44392
44394
44732
45384
45489
47045
47046
47047
47048
47049
47050
47051
47052
47053
47054
47055
47056
47057
47058
47059
47060
47061
47062
47063
47064
47065
47066
47067
47068
47069
47070
47071
47072
47073
47074
47075
47076
47077
47078
47079
47080
47081
47082
47083
47084
47085
47086
47087
47088
47089
47090
47091
47094
47101
47102
47108
47109
47110
47111
47116
47136
47137
47138
47139
47140
47143
47144
47145
47146
47147
47148
47149
47150
47151
47152
47153
47154
47157
47158
47162
47163
47164
47165
47169
47171
47172
47173
47174
47175
47176
47205
47206
47207
47208
47209
47211
47212
47213
47214
47215
47216
47217
47218
47220
47221
47225
47226
47231
47232
47233
47234
47235
47236
47237
47239
47240
47242
47243
47245
47246
47247
47248
47253
47256
47257
47258
47259
47269
47270
47271
47272
47274
47275
47276
47277
47283
47288
47293
47294
47295
47296
47297
47298
47299
47300
47303
47305
47327
47327
47328
47328
47329
47329
47330
47331
47332
47333
47333
47334
47334
47335
47336
47337
47338
47339
47340
47341
47342
47343
47356
47357
47358
47359
47363
47364
47368
47371
47372
47373
47374
47375
47392
47395
47396
47396
47397
47397
47398
47398
47399
47400
47401
47401
47402
47402
47403
47403
47404
47404
47405
47405
47406
47406
47407
47407
47408
47409
47410
47411
47412
47413
47414
47415
47416
47417
47418
47419
47420
47421
47424
47434
47437
47469
47471
47472
47474
47475
47485
47496
47498
47500
47502
47504
47506
47509
47510
47511
47513
47516
47519
47522
47527
47528
47529
47530
47531
47532
47533
47534
47535
47536
47537
47538
47539
47540
47541
47550
47551
47552
47553
47570
47571
47572
49570
49572
51468
51469
51470
51471
51472
51473
51474
51475
51476
51477
51478
51479
51480
51481
51482
51483
51484
51485
51486
51487
51488
51489
51490
51491
51492
51493
51494
51495
51496
51497
51498
51499
51500
51501
51502
51503
51504
51505
51506
51507
51508
51509
51510
51511
51512
51513
51514
51517
51519
51520
51523
51525
51526
51527
51528
51529
51530
51531
51532
51533
51534
51535
51536
51537
51538
51539
51540
51542
51544
51546
51548
51555
51557
51559
51561
51563
51594
51600
51601
51603
51605
51607
51641
51642
51643
51694
51695
51696
51699
51744
51745
51746
51747
51748
51749
51750
51751
51752
51753
51754
51757
51760
51761
51762
51764
51766
51768
51771
51773
51775
51808
51811
51814
51815
51817
51822
51823
51825
51826
51830
51831
51832
51833
51834
51835
51836
51837
51838
51839
51840
51841
51842
51843
51845
51847
51849
51851
51853
51855
51856
51857
51858
51859
51860
51861
51862
51863
51864
51865
51870
51871
51872
51873
51875
51876
51878
51879
51883
51885
51890
51891
51892
51893
51894
51895
51896
51897
51898
51899
51900
51901
51902
51903
51904
51905
51906
51907
51908
51909
51910
51911
51912
51918
51919
51920
51926
51929
51930
51931
51935
51937
51938
51939
51943
51945
51946
51949
51950
51951
51952
51953
51954
51958
51961
51962
51963
51964
51968
51972
51973
51975
51976
51977
51979
51980
51981
51982
51983
51984
51985
51986
51987
51988
51989
51990
51991
51992
51993
51994
51995
51996
51997
51998
51999
52000
52001
52002
52095
52097
52099
52100
52101
52103
52104
52108
52109
52110
52111
52113
52118
52119
52121
52123
52125
52216
52521
52818
52819
52820
52821
52822
52823
52824
52825
52826
52827
52828
52829
52830
52831
52832
52833
52834
52835
52836
52837
52838
52839
52840
52845
52847
52848
52849
52850
52851
52852
52853
52854
52855
52856
52857
52858
52859
52860
52861
52862
52863
54065
54510
54511
54512
54513
54514
54522
54523
54524
54525
54526
54527
54528
54529
54530
54612
54613
54614
54615
54616
54617
54618
54630
54632
54634
54636
54674
54677
54679
54680
54681
54683
54684
54685
54686
54687
54688
54689
54690
54691
54693
54695
54696
54697
54698
54699
54700
54701
54702
54721
54722
54723
54724
54725
54761
54762
54764
54767
54769
54771
54773
54775
54777
54779
54781
54786
54787
54908
54979
54981
54983
54985
54987
54989
54992
54995
54998
55016
55020
55023
55044
55045
55046
55048
55049
55050
55053
55068
55072
55073
55075
55084
55087
55088
55089
55091
55093
55100
55102
55103
55104
55110
55111
55112
55113
55114
55115
55116
55117
55118
55119
55120
55121
55122
55123
55124
55125
55126
55127
55128
55129
55130
55131
55132
55133
55134
55135
55136
55137
55138
55139
55140
55141
55142
55143
55144
55145
55146
55147
55148
55149
55150
55151
55154
55155
55160
55190
55192
55194
55196
55198
55200
55201
55203
55231
55233
55235
55240
55242
55244
55245
55246
55247
55372
55375
55376
55377
55378
55379
55423
55912
56006
56021
56022
56023
56024
56099
56100
56101
56120
56121
56122
56133
56145
56146
56150
56151
56174
56175
56198
56199
56200
56201
56727
57015
57016
57017
57018
57019
57020
57021
57022
57354
57446
57477
57484
57615
57625
57641
57643
57661
57662
57663
57664
57665
57666
57667
57668
57669
57670
57672
57673
57675
57677
57678
57679
57680
57681
57682
57683
57684
57685
57687
57689
57691
57692
57693
57695
57696
57697
57699
57701
57703
57704
57705
57707
57708
57709
57711
57713
57722
57723
57724
57728
57729
57730
57731
57732
57733
57734
57735
57742
57744
57745
57752
57753
57757
57758
57759
57761
57762
57763
57764
57765
57766
57767
57768
57773
57774
57775
57776
57777
57778
57779
57780
57781
57782
57783
57784
57785
57786
57787
57788
57789
57790
57793
57794
57795
57796
57797
57798
57799
57800
57801
57802
57803
57804
57805
57806
57807
57808
57809
57814
57815
57816
57817
57818
57819
57820
57821
57822
57823
57824
57825
57829
57830
57840
57841
57842
57843
57844
57845
57846
57847
57848
57849
57850
57851
57852
57853
57854
57855
57856
57857
57858
57859
57860
57861
57862
57863
57864
57865
57866
57867
57868
57882
57884
57886
57893
57895
57896
57897
57898
57899
57900
57901
57902
57903
57904
57905
57906
57924
57926
57938
57939
57940
57941
58787
59991
60008
60010
60073
60089
60098
60793
60839
60848
60976
60977
60978
60979
60980
60981
60982
60983
60984
60985
61282
61381
61573
61594
63032
63236
63237
63238
63313
63314
63315
63316
63317
63318
63319
63320
63321
63322
63324
63348
63350
63352
63354
63356
63357
63358
63359
63360
63361
63362
63363
63364
63365
63366
63367
63368
63369
63370
63371
63372
63373
63374
63375
63376
63377
63378
63379
63380
63381
63382
63383
63384
63385
63386
63387
63389
63390
63391
63392
63393
63394
63395
63396
63397
63398
63399
63400
63401
63417
63418
63419
63420
63421
63422
63433
63439
63442
63443
63444
63445
63457
63458
63459
63460
63461
63462
63463
63464
63465
63466
63467
63468
63469
63470
63471
63472
63473
63474
63475
63476
63477
63478
63479
63480
63481
63482
63489
63490
63524
63526
63528
63530
63532
63533
63534
63535
63537
63563
63564
63567
63568
63582
63583
63584
63585
63619
63671
63672
63673
63674
63681
63682
63683
63684
63685
63686
63692
63793
63794
63795
63796
63797
63798
63799
63800
63801
63802
63803
63804
63805
63806
63807
63808
63809
63810
63811
63812
63813
63814
63815
63816
63817
63819
63821
63826
63841
63842
63852
63853
63854
63856
63858
63860
63862
63864
63866
63868
63870
63871
63880
63881
63882
63883
63884
63885
63886
63887
63888
63889
63890
63893
63895
63897
63899
63901
63903
63905
63907
63909
63911
63913
63915
63928
63929
63936
63987
64005
64007
64009
64011
64012
64014
64018
64019
64020
64021
64022
64023
64033
64034
64044
64046
64048
64050
64052
64062
64063
64064
64065
64066
64075
64076
64077
64078
64079
64115
64144
64151
64159
64221
64222
64223
64224
64225
64226
64227
64228
64229
64230
64231
64232
64233
64234
64235
64236
64237
64238
64239
64240
64241
64242
64243
64244
64245
64246
64247
64248
64249
64250
64251
64252
64253
64254
64255
64256
64257
64263
64264
64315
64492
64771
65783
65835
65836
65906
65909
65912
68139
68140
68141
68142
68143
68144
68145
68146
68147
68148
68149
68150
68151
68152
68153
68154
68155
68156
68157
68158
68159
68160
68161
68162
68163
68164
68165
68166
68167
68168
68169
68170
68171
68172
68173
68174
68175
68176
68177
68178
68179
68180
68181
68182
68183
68184
68185
68186
68187
68188
68189
68190
68191
68192
68193
68194
68195
68196
68197
68198
68199
68200
68201
68202
68203
68204
68205
68206
68207
68208
68209
68210
68211
68212
68213
68214
68215
68216
68217
68218
68219
68220
68221
68222
68223
68224
68225
68226
68227
68228
68229
68230
68231
68232
68233
68234
68235
68236
68237
68238
68239
68240
68241
68242
68243
68244
68245
68246
68247
68248
68249
68250
68251
68252
68253
68254
68255
68256
68257
68258
68259
68260
68261
68262
68263
68264
68265
68266
68267
68268
68269
68270
68271
68272
68273
68274
68275
68276
68282
68283
68284
68285
68286
68287
68288
68332
68339
68340
68341
68342
68343
68344
68345
68346
68347
68348
68349
68350
68351
68352
68353
68354
68355
68356
68357
68358
68359
68360
68361
68362
68363
68364
68365
68366
68367
68368
68369
68370
68371
68372
68373
68374
68375
68376
68377
68379
68380
68409
68410
68411
68412
68413
68414
68415
68416
68417
68418
68419
68420
68421
68422
68423
68424
68425
68426
68427
68428
68429
68474
68476
68477
69237
69237
69554
69555
69556
69557
69558
69559
69560
69561
70811
71758
71759
71761
71762
71763
71764
71766
71767
71768
71770
71772
71774
71776
71789
71791
71794
71801
71802
71808
71814
71815
71816
71817
71818
71819
71820
71821
71822
71823
71824
71831
71832
71833
71834
71835
75083
75088
75177
75177
75242
75259
75586
75594
75595
75596
75637
75638
75639
75648
75649
75650
75651
75961
75970
75971
75971
77492
77493
77494
77495
77496
77497
77498
77499
77500
77501
77502
77503
77504
77505
77506
77507
77508
77509
77510
77511
77512
77513
77514
77515
77516
77517
77518
77519
77520
77521
77522
77523
77524
77525
77526
77527
77528
77529
77530
77531
77532
77533
77534
77535
77536
77537
77538
77539
77540
77541
77542
77543
77544
77545
77547
77548
77549
77550
77551
77552
77553
77554
77555
77556
77557
77558
77559
77560
77561
77562
77563
77564
77565
77566
77567
77568
77569
77570
77571
77572
77573
77574
77575
77710
77712
77713
77716
77718
77720
77721
77722
77723
77724
77725
77726
77727
77728
77745
77765
77766
77767
77768
77775
77776
77777
77873
78000
78029
78030
78031
78032
78033
78034
78035
78036
78037
78038
78039
78040
78041
78042
78043
78044
78045
78046
78047
78048
78049
78050
78051
78052
78053
78054
78055
78056
78058
78061
78063
78065
78068
78069
78070
78071
78073
78074
78176
78177
78182
78185
78186
78187
78192
78229
78231
78232
78233
78234
78235
78437
78438
78440
78488
78490
78492
78498
78500
78514
78515
78516
78517
78518
78519
78521
78524
78530
78531
78532
78533
78534
78540
78542
78543
78619
78621
78883
78996
78997
79095
79098
79955
80041
80043
80099
80102
80104
80105
80107
80112
80113
80120
80122
80123
80128
80129
80137
80138
80139
80141
80144
80146
80148
80149
80152
80153
80154
80156
80158
80161
80163
80397
80399
80400
80402
80404
80446
80447
80448
80449
80450
80451
80452
80453
80454
80455
80479
80480
80481
80483
80484
80485
80486
80487
80488
80489
80490
80491
80492
80493
80494
80495
80496
80497
80499
80500
80501
80502
80503
80517
80520
80521
80521
80522
80522
80523
80523
80524
80524
80525
80525
80526
80526
80527
80527
80528
80528
80529
80529
80530
80530
80531
80531
80532
80532
80533
80533
80534
80534
80535
80535
80536
80536
80537
80538
80539
80540
80541
80542
80543
80544
80545
80546
80547
80548
80549
80550
80551
80552
80553
80554
80555
80555
80556
80556
80557
80557
80558
80558
80559
80559
80560
80560
80561
80561
80562
80562
80563
80563
80564
80564
80565
80565
80566
80566
80567
80567
80568
80568
80569
80569
80570
80570
80571
80571
80572
80572
80573
80573
80574
80574
80575
80575
80576
80576
80577
80577
80578
80578
80579
80579
80580
80580
80581
80581
80582
80582
80583
80583
80584
80584
80585
80585
80586
80586
80587
80587
80588
80589
80589
80590
80590
80601
80622
80623
80624
80625
80626
80627
80637
80638
80639
80641
80642
80643
80894
82447
82448
82448
82449
82449
82450
82451
82451
82452
82452
82453
82453
82454
82454
82455
82456
82457
82458
82459
82460
82461
82462
82463
82464
82465
82466
82467
82468
82469
82470
82471
82471
82472
82473
82474
82475
82476
82477
82478
82479
82483
82484
82485
82488
82490
82494
82495
82496
82497
82498
82499
82500
82501
82502
82503
82504
82504
82505
82505
82506
82507
82508
82509
82510
82511
82513
82514
82515
82516
82517
82518
82519
82520
82520
82521
82522
82522
82523
82524
82525
82526
82527
82528
82529
82530
82531
82532
82533
82534
82535
82536
82537
82538
82539
82541
82542
82543
82544
82545
82545
82546
82546
82547
82547
82548
82548
82549
82549
82550
82551
82552
82553
82553
82554
82554
82555
82555
82556
82556
82557
82557
82558
82558
82559
82559
82560
82560
82561
82562
82562
82563
82564
82564
82565
82566
82566
82567
82567
82568
82569
82569
82570
82571
82571
82572
82573
82573
82574
82575
82575
82576
82577
82577
82578
82578
82579
82580
82581
82582
82582
82585
82585
82586
82586
82587
82587
82588
82588
82589
82589
82590
82590
82591
82591
82592
82592
82593
82593
82594
82594
82595
82595
82596
82596
82597
82597
82598
82599
82600
82601
82602
82603
82604
82605
82606
82607
82608
82608
82609
82609
82610
82610
82611
82611
82612
82612
82613
82613
82614
82614
82615
82615
82616
82617
82618
82619
82620
82621
82622
82623
82624
82625
82626
82627
82628
82629
82630
82630
82631
82631
82632
82633
82634
82635
82636
82637
82638
82639
82640
82641
82642
82643
82644
82645
82646
82647
82648
82649
82650
82650
82651
82651
82652
82652
82653
82653
82654
82654
82655
82655
82656
82656
82657
82657
82658
82658
82659
82659
82660
82660
82661
82662
82663
82664
82665
82666
82666
82667
82667
82668
82668
82669
82669
82670
82670
83625
83626
83627
83628
83629
83630
83631
83632
83633
83634
83635
83636
83637
83638
83639
83640
83641
83642
83643
83644
83645
83646
83647
83648
83649
83650
83651
83652
83653
83654
83655
83656
83657
83658
83659
83660
83661
83662
83663
83664
83665
83666
83667
83668
83669
83670
83671
83672
83673
83674
83675
83676
83677
83678
83679
83680
83681
83682
83683
83684
83685
83686
83687
83688
83689
83690
83691
83692
83693
83694
83695
83696
83697
83698
83699
83700
83701
83722
83723
83724
83725
83726
83727
83728
83729
83730
83731
83732
83733
83734
83735
83736
83737
83738
83739
83740
83741
83742
83743
83744
83745
83746
83747
83748
83749
83750
83751
83752
83753
83754
83755
83756
83757
83758
83759
83760
83783
83784
83785
83786
83787
83788
83789
83790
83797
83798
83799
83800
83801
83802
83805
83806
83809
83812
83813
83815
83816
83817
83818
83821
83822
83823
83824
83825
83826
83827
83828
83829
83830
83946
84061
84062
84063
84064
84064
84065
84066
84067
84068
84069
84070
84071
84072
84073
84074
84075
84076
84077
84078
84079
84080
84081
84082
84083
84084
84085
84086
84087
84088
84089
84090
84090
84091
84092
84093
84094
84095
84096
84097
84098
84099
84100
84101
84102
84103
84104
84105
84106
84148
84209
84395
84398
84407
84418
84447
84558
84559
84560
84561
84562
84563
84564
84565
84566
84567
84568
84569
84570
84571
84572
84572
84573
84574
84575
84576
84577
84578
84579
84580
84581
84582
84583
84584
84585
84586
84587
84588
84589
84590
84591
84592
84593
84594
84595
84596
84597
84598
84599
84600
84601
84602
84603
84604
84605
84606
84607
84610
84613
84614
84616
84617
84618
84619
84620
84621
84622
84623
84624
84625
84626
84627
84628
84629
84630
84631
84632
84633
84634
84635
84636
84637
84638
84639
84640
84641
84642
84643
84644
84645
84646
84647
84647
84648
84649
84650
84651
84652
84653
84654
84655
84656
84657
84658
84659
84660
84661
84662
84663
84664
84665
84666
84667
84668
84669
84670
84671
84672
84673
84674
84675
84675
84676
84677
84678
84679
84680
84681
84681
84682
84682
84683
84683
84684
84684
84685
84685
84686
84686
84687
84687
84688
84688
84689
84690
84691
84692
84693
84694
84695
84696
84697
84698
84699
84700
84701
84702
84703
84704
84705
84706
84707
84708
84709
84710
84711
84712
84713
84714
84715
84716
84717
84718
84719
84720
84721
84722
84723
84724
84726
84727
84728
84729
84730
84731
84732
84733
84734
84735
84736
84737
84738
84739
84740
84741
84742
84743
84744
84745
84747
84756
84765
84798
84847
84849
84857
84858
84874
84875
84876
84877
84878
84879
84880
84881
84882
84883
84884
84885
84886
84887
84888
84889
84890
84891
84912
84914
84932
84939
84945
84968
84969
84978
84981
85194
85233
85238
85240
85385
85509
85510
85511
85512
85514
85515
85516
85517
85528
85539
85543
85544
85545
85546
85547
85548
85549
85550
85551
85552
85553
85554
85555
85556
85557
85558
85559
85560
85561
85562
85563
85564
85565
85574
85576
85578
85579
85580
85581
85582
85583
85584
85585
85586
85588
85593
85595
85596
85597
85598
85599
85600
85601
85602
85603
85604
85605
85606
85607
85608
85609
85610
85611
85612
85613
85614
85615
85616
85618
85622
85625
85626
85627
85628
85629
85630
85631
85632
85633
85637
85638
85639
85640
85641
85642
85643
85644
85645
85646
85648
85649
85650
85651
85652
85653
85654
85655
85656
85657
85658
85659
85660
85661
85662
85662
85663
85664
85665
85666
85667
85668
85669
85670
85671
85672
85673
85674
85675
86170
87104
87105
87106
87107
87108
87109
87110
87111
87112
87113
87114
87115
87116
87117
87118
87119
87120
87410
87736
87847
87849
87851
87853
87855
87857
87859
87861
87896
87904
87905
87906
87907
87908
87909
87910
87911
87912
87970
87971
87972
87973
87974
87975
87976
87977
87978
87979
87980
87981
87982
87983
87984
87985
87986
87987
87988
87989
87990
87991
87992
87993
87994
87995
87996
87997
87998
87999
88000
88001
88002
88003
88004
88005
88006
88007
88008
88009
88010
88011
88012
88013
88014
88015
88016
88017
88018
88019
88020
88021
88022
88023
88024
88025
88026
88027
88028
88029
88030
88031
88032
88033
88034
88035
88036
88037
88038
88039
88040
88041
88042
88043
88044
88045
88046
88047
88048
88049
88050
88051
88052
88053
88054
88055
88056
88057
88058
88059
88060
88061
88062
88063
88064
88065
88066
88067
88068
88069
88070
88071
88072
88073
88074
88075
88076
88077
88078
88079
88080
88081
88082
88083
88084
88085
88086
88087
88088
88089
88090
88091
88092
88093
88094
88095
88096
88097
88098
88099
88100
88101
88102
88103
88104
88105
88106
88107
88108
88109
88110
88111
88112
88113
88114
88115
88116
88117
88118
88119
88120
88121
88122
88123
88124
88125
88126
88127
88128
88129
88130
88131
88132
88133
88134
88135
88136
88137
88138
88139
88140
88141
88142
88143
88144
88145
88146
88147
88148
88149
88150
88151
88152
88153
88154
88155
88156
88157
88158
88159
88160
88161
88162
88163
88164
88165
88166
88167
88168
88169
88170
88171
88172
88173
88174
88175
88176
88177
88178
88179
88180
88181
88182
88183
88184
88185
88186
88187
88188
88189
88190
88191
88192
88193
88194
88195
88196
88197
88198
88199
88200
88201
88202
88203
88204
88205
88206
88207
88208
88209
88210
88211
88212
88213
88214
88215
88216
88217
88218
88219
88220
88221
88222
88223
88224
88225
88226
88227
88228
88229
88230
88231
88232
88233
88234
88235
88236
88237
88238
88239
88240
88241
88242
88243
88244
88245
88246
88247
88248
88249
88250
88251
88252
88253
88254
88255
88256
88257
88258
88259
88260
88261
88262
88263
88264
88265
88266
88267
88268
88269
88270
88271
88272
88273
88274
88275
88276
88277
88278
88279
88280
88281
88282
88283
88284
88285
88286
88287
88288
88290
88291
88292
88293
88294
88295
88296
88297
88298
88299
88300
88301
88302
88303
88304
88305
88306
88307
88308
88309
88310
88311
88312
88313
88314
88315
88316
88317
88318
88319
88320
88321
88322
88323
88324
88325
88326
88327
88328
88329
88330
88331
88332
88333
88334
88335
88336
88337
88338
88339
88340
88341
88342
88343
88344
88345
88346
88347
88348
88349
88350
88362
88363
88364
88365
88366
88367
88368
88369
88370
88371
88372
88373
88374
88375
88376
88377
88378
88379
88380
88381
88382
88383
88384
88385
88386
88387
88388
88389
88390
88391
88392
88393
88394
88395
88396
88397
88398
88399
88400
88401
88402
88403
88404
88405
88406
88407
88408
88409
88410
88411
88412
88413
88414
88415
88416
88417
88418
88419
88420
88421
88422
88423
88424
88425
88426
88427
88428
88429
88430
88431
88432
88433
88434
88435
88436
88437
88438
88439
88440
88441
88442
88443
88444
88445
88446
88447
88448
88449
88450
88451
88452
88453
88454
88455
88456
88457
88461
88462
88463
88464
88465
88466
88467
88468
88469
88470
88471
88472
88473
88474
88475
88476
88477
88478
88479
88480
88481
88482
88483
88484
88485
88486
88487
88488
88489
88490
88491
88492
88493
88494
88495
88496
88497
88498
88499
88500
88501
88502
88503
88504
88505
88506
88507
88508
88509
88510
88511
88512
88513
88514
88515
88517
88518
88519
88520
88521
88522
88523
88524
88525
88526
88527
88528
88529
88530
88531
88532
88533
88534
88535
88536
88537
88538
88539
88540
88541
88542
88543
88544
88545
88546
88547
88548
88549
88550
88551
88552
88553
88554
88555
88556
88557
88558
88559
88560
88561
88562
88563
88564
88565
88566
88567
88568
88569
88570
88571
88572
88573
88574
88575
88576
88577
88578
88579
88580
88581
88582
88583
88584
88585
88586
88587
88588
88589
88590
88591
88592
88593
88594
88599
88600
88601
88602
88603
88604
88605
88606
88607
88608
88609
88613
88624
88625
89079
89084
89085
89086
89087
89088
89089
89089
89090
89090
89091
89092
89093
89094
89095
89096
89097
89098
89099
89100
89101
89102
89103
89104
89105
89106
89107
89108
89109
89110
89111
89112
89113
89114
89115
89116
89117
89118
89119
89120
89121
89122
89123
89124
89125
89126
89127
89128
89129
89130
89131
89132
89133
89134
89135
89136
89137
89138
89139
89140
89141
89142
89143
89144
89145
89146
89147
89148
89149
89150
89151
89152
89153
89153
89154
89155
89156
89157
89158
89159
89161
89161
89167
89176
89181
89183
89561
90428
90430
90431
90432
90433
90434
90435
90436
90471
90472
90473
90474
90475
90476
90477
90478
90479
90518
90634
90636
90637
90638
90639
90641
90643
90644
90646
90648
90649
90651
90653
90655
90657
90658
90661
90662
90665
90667
90668
90669
90670
90671
90672
90673
90674
90675
90676
90677
90678
90679
90680
90681
90682
90683
90684
90685
90686
90687
90688
90689
90690
90691
90692
90693
90694
90695
90696
90697
90698
90699
90700
90701
90702
90703
90704
90705
90706
90707
90708
90709
90710
90711
90712
90713
90714
90715
90716
90717
90718
90719
90720
90721
90723
90724
90725
90726
91163
91164
91166
91167
91168
91310
91311
91312
91313
91314
91315
91316
91317
91318
91319
91320
91321
91322
91323
91324
91325
91326
91327
91328
91329
91330
91331
91332
91333
91334
91335
91336
91337
91338
91339
91340
91341
91343
91345
91347
91349
91351
91352
91353
91404
91405
91406
91425
91426
91427
91428
91429
91430
91431
91432
91436
91464
91467
91469
91572
91746
91747
91752
91831
91833
91845
91847
91849
91853
91855
91856
91857
91867
91868
91871
91872
91873
91875
91877
91879
91881
91883
91884
91885
91910
91911
91912
91934
91936
91951
91952
91953
91954
91957
91962
91968
91969
91970
91971
91977
91978
91980
91981
91982
91983
91988
91989
91990
91991
91992
91996
92013
92015
92017
92019
92021
92051
92651
92728
92729
92730
92731
92732
92733
92734
92735
92736
92737
92738
92739
92740
93015
93016
93017
93018
93147
93551
93552
93553
93554
93784
93785
93790
93797
93798
93799
93800
93801
93802
93803
93804
93805
93806
93807
93808
93811
93813
93842
93843
93866
93884
93885
93886
94050
94051
94052
94200
94435
95201
95218
95528
95966
95967
95968
95969
95970
95971
95972
95973
95974
95975
95978
95979
95980
95981
95982
95983
95984
95985
95986
95999
96000
96001
96002
96009
96009
96010
96010
96011
96011
96012
96012
96013
96014
96015
96016
96017
96017
96018
96018
96019
96020
96021
96022
96022
96023
96023
96024
96024
96025
96025
96026
96026
96027
96027
96028
96028
96029
96029
96030
96030
96031
96031
96032
96032
96033
96033
96034
96034
96035
96036
96036
96037
96038
96038
96039
96040
96040
96041
96042
96042
96044
96045
96046
96047
96048
96049
96050
96051
96052
96053
96054
96055
96056
96057
96058
96059
96066
96068
96072
96073
96074
96075
96076
96077
96078
96079
96098
96099
96100
96101
96102
96109
96111
96112
96113
96114
96115
96116
96117
96118
96119
96121
96123
96125
96126
96127
96128
96129
96130
96131
96132
96133
96134
96135
96136
96137
96139
96141
96143
96145
96146
96147
96149
96151
96153
96155
96156
96157
96158
96159
96160
96173
96547
96548
96674
96712
96773
96882
96883
96884
96885
96886
96887
96888
96889
96890
96891
96892
96893
96894
96895
96896
96897
96898
96979
97370
97371
97372
97374
97376
97377
97380
97381
97386
97388
97390
97391
97393
97394
97395
97396
97397
97398
97399
97400
97401
97402
97403
97404
97405
97406
97407
97410
97412
97413
97414
97415
97416
97417
97418
97420
97422
97423
97424
97425
97426
97427
97428
97445
97447
97449
97472
97473
97474
97475
97476
97477
97478
97479
97483
97487
97488
97489
97490
97493
97495
97496
97498
97499
97500
97501
97502
97504
97509
97512
97514
97515
97516
97517
97518
97519
97520
97521
97522
97523
97524
97526
97544
97563
97564
97565
97566
97567
97568
97569
97570
97571
97573
97575
97577
97578
97580
97581
97583
97584
97586
97587
97588
97589
97590
97591
97594
97595
97596
97597
97598
97599
97601
97602
97604
97606
97608
97609
97611
97612
97613
97614
97615
97617
97619
97622
97622
97623
97623
97624
97624
97625
97625
97626
97626
97627
97627
97628
97628
97629
97629
97630
97630
97631
97632
97633
97635
97637
97639
97640
97642
97643
97644
97645
97646
97647
97649
97651
97653
97655
97656
97658
97659
97660
97661
97662
97663
97664
97666
97667
98092
98094
98095
98096
98097
98599
98599
98613
98624
98749
98751
98754
98763
98764
98767
98768
98769
98770
98771
98772
98773
98776
98777
98779
98780
98781
98782
98783
98786
98787
98788
98789
98790
98791
98792
98793
98794
98807
98814
98830
98832
98834
98836
98838
98840
98842
98844
98845
98846
98847
98848
98849
98850
98851
98852
98853
98854
98855
98856
98857
98858
98859
98860
98861
98862
98863
98864
98865
98866
98868
98869
98870
98873
98874
98875
98876
98877
98878
98879
98880
98881
98882
98883
98884
98905
98906
98907
98908
98909
98910
98911
98913
98915
98917
98918
98919
98920
98921
98923
98933
98935
98937
98943
98947
98948
98951
98952
98953
98954
98989
98993
98995
98997
98999
99016
99018
99020
99021
99023
99025
99027
99028
99029
99030
99031
99032
99033
99034
99035
99036
99037
99039
99040
99042
99044
99050
99051
99052
99053
99054
99056
99057
99058
99075
99077
99079
99080
99081
99082
99083
99084
99085
99086
99087
99088
99089
99090
99091
99092
99093
99094
99095
99096
99097
99098
99313
100275
100426
101804
101805
101806
101909
102382
102383
102384
102386
102390
102392
102393
102394
102417
102418
102420
102468
102478
102479
102480
102481
102482
102484
102499
102501
102504
102505
102507
102517
102518
102527
102539
102540
102542
102544
102546
102548
102549
102550
102551
102552
102553
102554
102555
102556
102557
102558
102559
102560
102561
102562
102563
102564
102565
102566
102567
102568
102569
102570
102571
102572
102573
102574
102575
102578
102579
102580
102581
102582
102583
102584
102585
102586
102587
102588
102589
102590
102591
102592
102594
102596
102598
102599
102600
102601
102602
102603
102604
102605
102606
102608
102611
102612
102613
102614
102615
102616
102617
102618
102619
102620
102621
102622
102623
102624
102625
102626
102627
102628
102630
102652
102654
102655
102657
105216
105232
105234
105281
105282
105579
105580
105581
105582
105590
105592
105594
105596
105597
105598
105599
105600
105601
105603
105605
105607
105609
105611
105613
105628
105630
105709
105714
105755
105756
105757
105758
105759
105760
105761
105762
105763
105764
105764
105765
105765
105766
105766
105767
105767
105768
105768
105769
105769
105770
105770
105771
105771
105772
105772
105773
105774
105775
105776
105777
105778
105779
105780
105781
105782
105783
105784
105785
105786
105787
105788
105789
105790
105791
105792
105793
105794
105795
105796
105797
105798
105799
105800
105801
105802
105803
105804
105805
105806
105807
105808
105809
105810
105811
105812
105813
105814
105815
105816
105817
105818
105819
105820
105821
105822
105823
105824
105825
105826
105827
105828
105829
105830
105831
105832
105833
105834
105835
105836
105837
105838
105839
105840
105841
105841
105842
105843
105843
105844
105845
105845
105846
105847
105847
105848
105849
105849
105850
105851
105851
105852
105853
105853
105854
105855
105855
105856
105857
105857
105858
105859
105860
105861
105861
105862
105863
105864
105865
105866
105867
105868
105869
105870
105871
105872
105873
105874
105875
105876
105878
105879
105880
105881
105882
105883
105884
105885
105886
105887
105888
105889
105890
105891
105892
105893
105894
105895
105896
105897
105898
105899
105900
105901
105902
105903
105904
105905
105906
105907
105908
105909
105910
105911
105912
105913
105914
105915
105916
105917
105918
105919
105920
105921
105922
105923
105985
105986
105987
105988
105989
106768
